3
11
2233
0.000 119.520 98.884 118.258 84.172 32.016 64.288 72.498 109.877 97.673 103.078 51.624
119.520 0.000 39.205 8.602 35.355 93.005 72.125 58.523 14.000 69.231 47.539 82.765
98.884 39.205 0.000 32.016 32.202 80.604 39.051 27.019 25.318 30.364 10.630 79.101
118.258 8.602 32.016 0.000 34.986 93.295 67.231 53.712 8.602 61.522 39.623 84.758
84.172 35.355 32.202 34.986 0.000 58.310 44.181 32.016 27.313 57.385 42.544 50.990
32.016 93.005 80.604 93.295 58.310 0.000 55.785 58.009 85.475 88.955 87.464 20.000
64.288 72.125 39.051 67.231 44.181 55.785 0.000 13.601 58.873 34.015 40.224 63.812
72.498 58.523 27.019 53.712 32.016 58.009 13.601 0.000 45.310 32.311 30.676 61.685
109.877 14.000 25.318 8.602 27.313 85.475 58.873 45.310 0.000 55.543 34.176 77.885
97.673 69.231 30.364 61.522 57.385 88.955 34.015 32.311 55.543 0.000 22.023 93.984
103.078 47.539 10.630 39.623 42.544 87.464 40.224 30.676 34.176 22.023 0.000 87.693
51.624 82.765 79.101 84.758 50.990 20.000 63.812 61.685 77.885 93.984 87.693 0.000